-9961 -14863 -26 9427 11189 -7485 2128 904 -6480 15724 -4216 -1217 6276 -14880 -11321 3707 -4650 -3257 -25361 -4032 -1359 14433 -3565 -21100 -23792 -1717 1588 -8994 -4122 3654
5414 -14969 -9015 1496 10033 1737 -493 696 -30310 6194 14749 -13355 12710 7227 5861 -3870 12483 8930 478 -11492 -10769 25234 19405 -13302 -12621 8627 4298 -16734 -4976 -12880
13910 3011 -9758 4474 -1126 -9231 -17023 15317 -15372 -12051 8524 -23671 -6899 6453 -10027 4259 2050 9470 21642 -2121 -1711 -9558 6040 2137 -24512 6882 5752 -13477 292 -2746
-5107 2713 13463 3280 15386 2135 -13693 16370 14052 -5691 7563 -14774 -14390 -8997 -15520 -5566 -2139 -20866 312 -12869 1366 -12473 -29859 -9596 -17314 -18144 7805 2979 -22754 -12588
-7403 -3268 15675 19281 3333 -7786 -29697 -7553 -3193 -22890 851 -1771 8383 -20441 -19493 -20851 1885 -22375 -15895 -9158 -2586 13516 3481 2769 -5521 -2807 -8861 -7387 -13004 -18806
-522 5318 7667 13902 16913 -446 -15916 -5867 2146 -14109 -5196 -4668 13549 -13798 -10531 8716 1647 -7110 -14634 861 -10970 -1333 -413 10487 14332 12292 29992 5267 -12108 -1912
-8176 549 18671 -8175 259 -17801 -20503 -7852 18130 -22170 -7909 912 6170 8003 -8762 16374 7431 -9327 -3595 2186 -7490 -15914 9918 14011 -2210 4075 31030 25820 -7392 -1604
4635 3890 8368 -13570 -15309 -13739 -4173 -7320 17300 18580 -674 8452 -421 -4119 12121 -5205 -2845 824 4064 17371 -529 -25259 -8932 13226 16686 -20029 -2698 -955 -4395 -22837
-5062 5016 8015 1455 2488 -15957 -22685 -16443 -18780 -1013 -3942 3468 9503 5681 -26 5245 -15258 -24636 -12666 10616 3631 -22752 -17014 14731 5697 -15439 -5105 -3378 -2035 -7669
-2869 9168 9979 -7298 10647 11195 3412 -14581 -15137 -12152 7409 -10595 -7295 6622 -3164 -12453 -11150 4747 -5722 -14201 -3534 -19480 -12471 877 9566 -13687 -14543 9376 -6065 -2878
6489 -12691 483 5847 9620 -4906 5706 -10199 -11401 -11393 -1079 8995 5235 -611 19271 -830 -16432 -14982 656 -20549 5340 -16913 -22582 14270 4052 7093 -15706 21062 9319 33741
9653 15008 -4669 1793 21542 1769 1662 -18956 -16007 5524 -14992 -4244 -5629 2754 11564 1411 4011 -5160 4999 -18528 -4527 13982 -10813 1578 1540 168 2415 -4506 -10360 827
-16209 14821 2023 -970 24123 5693 3283 -20633 -17479 -6789 1679 -3463 -27067 -2712 5149 -2775 -2452 1629 1733 -7552 -1718 -261 3015 -19719 -14543 -5220 6662 21220 14124 -2794
-7585 3783 1132 -24392 -2198 16267 25218 20 -12647 7327 -5863 242 -23641 -22892 504 -4148 -9453 8057 1547 -10285 8116 25751 -924 1111 -9093 -10489 -5700 14197 4788 -9420
-5573 -3869 12433 -8637 -8073 -7352 12530 6094 -972 -22889 -1860 -2427 -23939 -5068 -2531 -20196 2189 19517 3716 16478 -13849 20396 14679 -5164 -4803 -9366 390 -2825 29973 10873
-6597 -11000 -1270 -8103 12066 -3616 -2179 -19686 6620 -2675 -6573 -7784 -22707 -22804 -634 -12584 -23640 9025 -2997 17054 9824 -15086 13827 -8994 3007 -18699 17579 -18218 17349 -3193
14016 -1940 7472 -14424 -5109 13291 19928 -1922 -8776 3141 3612 -14064 -11360 -26312 -19532 -10013 -26667 4800 -519 10505 15664 9009 1416 9365 6954 -26119 -6969 -3915 3940 23523
13572 -6881 9576 -4596 -16202 -13172 -5733 -311 1687 13756 29664 -10198 4662 1259 -5742 -10220 -15623 -10273 -4389 -15768 380 -3812 -4986 -9351 7437 -14278 -7703 1333 2262 18547
-1781 -17037 5012 23749 3852 1100 2348 11342 2064 13214 17701 -1625 -5622 -8418 16900 -6794 -4392 5148 21442 4781 -4131 6 -9441 -10557 -7700 -7007 -12497 -178 -10114 -1250
6493 3726 -21872 4975 22060 10002 5278 8316 -6724 -8760 -3187 5641 -4189 -15905 -8262 18222 11155 2318 -809 -1906 -1870 -8757 -8578 -5430 -11636 38 -7575 17495 -17386 -8035
9207 14948 10143 -11971 -2280 6468 14831 13430 17227 3790 -2721 10349 12691 -5297 -8218 -1317 1211 14614 22486 15641 11878 -4961 -15892 16465 -3082 -5863 9452 13067 -4594 -15090
15292 13270 -1689 -6950 533 -1667 4937 1201 8280 -4845 2536 8588 8872 -2665 9565 1429 4843 -21429 -5980 5521 21320 12665 -17030 -5478 11894 -3035 -6486 6988 8997 -1199
4198 7937 -5921 -7896 -1298 25066 9318 14182 -1064 16810 3975 30197 13083 -3189 -2218 7840 -851 -5794 17547 -10084 -3720 19481 19668 -8277 9547 6479 -2526 17564 3654 -1721
18515 -1863 -11286 -5878 -19534 9753 18250 27094 -1400 13982 1697 -954 9483 6189 -13773 -4053 3405 -24000 1987 13378 -1287 -9877 6065 12193 3312 -5307 -13284 12286 -1359 6729
4763 -3519 1542 10739 25255 -2397 17306 11703 -17177 2561 27692 12752 6082 11315 13646 -3992 5574 -985 -4463 1636 16135 -30 -5788 -2669 17312 13135 -9876 -9427 -2449 -3645
1375 -1192 -6024 10468 20405 14041 3984 25051 -5882 -15178 5415 13774 6541 3748 12103 9034 -11874 4697 7717 -2925 3230 7965 -2992 -6090 -530 8331 6576 4655 2017 -2442
9361 4915 7245 13121 20506 6085 16584 17148 14368 -6368 -2545 1078 1167 -16417 -3053 5563 -10935 -27869 -1525 1504 -7204 9303 8877 5260 5949 1054 -1421 6229 -6013 -11147
-9528 -10873 -7820 -10287 -252 -2444 -19787 -806 23984 -2147 -2454 3820 18559 -17173 -8024 -10208 7833 -262 -9716 -16687 -20317 -7491 6345 757 8580 -10933 -13081 12177 6919 -6344
-3725 5627 -4571 -10140 -10546 -19718 -17561 -9195 11964 15583 -10730 -8609 7557 -3230 -14157 -17138 -21087 -17429 3024 1837 -1726 -815 1256 13232 -7832 -4927 -14689 17490 -10772 2426
-3467 15464 -17682 -9468 -1059 -9240 -19015 -2680 607 7078 -10877 2950 11537 11971 5001 -8381 -13706 -25217 -14329 -870 9361 9216 4355 15142 8768 -1763 -724 -2451 12062 682
